 # Started LOG at 12/03/2023 15:03:33
 * POWER -> 3
 * MAX_MAGNITUDE -> 1000
1729 > (9, 10) (1, 12)
4104 > (9, 15) (2, 16)
39312 > (15, 33) (2, 34)
40033 > (16, 33) (9, 34)
13832 > (18, 20) (2, 24)
32832 > (18, 30) (4, 32)
20683 > (19, 24) (10, 27)
195841 > (22, 57) (9, 58)
216027 > (22, 59) (3, 60)
171288 > (24, 54) (17, 55)
64232 > (26, 36) (17, 39)
46683 > (27, 30) (3, 36)
110808 > (27, 45) (6, 48)
149389 > (29, 50) (8, 53)
314496 > (30, 66) (4, 68)
805688 > (30, 92) (11, 93)
65728 > (31, 33) (12, 40)
320264 > (32, 66) (18, 68)
920673 > (33, 96) (20, 97)
110656 > (36, 40) (4, 48)
262656 > (36, 60) (8, 64)
134379 > (38, 43) (12, 51)
165464 > (38, 48) (20, 54)
443889 > (38, 73) (17, 76)
704977 > (41, 86) (2, 89)
3511872 > (41, 151) (4, 152)
1566728 > (44, 114) (18, 116)
1728216 > (44, 118) (6, 120)
216125 > (45, 50) (5, 60)
513000 > (45, 75) (10, 80)
1061424 > (45, 99) (6, 102)
439101 > (48, 69) (5, 76)
1080891 > (48, 99) (27, 102)
1370304 > (48, 108) (34, 110)
1845649 > (49, 120) (42, 121)
327763 > (51, 58) (30, 67)
513856 > (52, 72) (34, 78)
373464 > (54, 60) (6, 72)
515375 > (54, 71) (15, 80)
886464 > (54, 90) (12, 96)
11548089 > (54, 225) (17, 226)
11557000 > (55, 225) (24, 226)
402597 > (56, 61) (42, 69)
558441 > (57, 72) (30, 81)
1195112 > (58, 100) (16, 106)
984067 > (59, 92) (35, 98)
1009736 > (59, 93) (50, 96)
6434883 > (59, 184) (3, 186)
994688 > (60, 92) (29, 99)
1073375 > (60, 95) (23, 102)
2515968 > (60, 132) (8, 136)
6445504 > (60, 184) (22, 186)
19250163 > (60, 267) (11, 268)
525824 > (62, 66) (24, 80)
593047 > (63, 70) (7, 84)
842751 > (63, 84) (23, 94)
955016 > (63, 89) (24, 98)
1407672 > (63, 105) (14, 112)
684019 > (64, 75) (51, 82)
1092728 > (64, 94) (1, 103)
2562112 > (64, 132) (36, 136)
4673088 > (64, 164) (25, 167)
1016496 > (66, 90) (47, 97)
5287707 > (66, 171) (27, 174)
5832729 > (66, 177) (9, 180)
7365384 > (66, 192) (40, 194)
29791125 > (66, 309) (5, 310)
1331064 > (67, 101) (4, 110)
6230504 > (67, 181) (10, 184)
885248 > (72, 80) (8, 96)
2101248 > (72, 120) (16, 128)
4624776 > (72, 162) (51, 165)
32530680 > (72, 318) (41, 319)
3375001 > (73, 144) (1, 150)
4914000 > (75, 165) (10, 170)
18406603 > (75, 262) (19, 264)
1075032 > (76, 86) (24, 102)
1323712 > (76, 96) (40, 108)
3551112 > (76, 146) (34, 152)
1734264 > (78, 108) (51, 117)
8493039 > (79, 200) (15, 204)
5004125 > (80, 165) (45, 170)
1260441 > (81, 90) (9, 108)
2991816 > (81, 135) (18, 144)
5639816 > (82, 172) (4, 178)
28094976 > (82, 302) (8, 304)
71509312 > (82, 414) (33, 415)
3375008 > (83, 141) (2, 150)
4174281 > (84, 153) (10, 161)
3242197 > (85, 138) (76, 141)
4505949 > (86, 157) (24, 165)
4033503 > (87, 150) (24, 159)
12533824 > (88, 228) (36, 232)
13825728 > (88, 236) (12, 240)
1533357 > (90, 93) (62, 109)
1729000 > (90, 100) (10, 120)
4104000 > (90, 150) (20, 160)
8491392 > (90, 198) (12, 204)
21753576 > (90, 276) (33, 279)
95547816 > (90, 456) (47, 457)
119824488 > (90, 492) (11, 493)
1609272 > (92, 94) (55, 113)
24666560 > (92, 288) (29, 291)
1774656 > (93, 99) (36, 120)
5135104 > (93, 163) (36, 172)
2691451 > (94, 123) (18, 139)
11478584 > (94, 220) (73, 223)
14482503 > (94, 239) (87, 240)
2048391 > (95, 106) (2, 127)
2418271 > (95, 116) (23, 134)
2585375 > (95, 120) (50, 135)
3512808 > (96, 138) (10, 152)
8647128 > (96, 198) (54, 204)
10962432 > (96, 216) (68, 220)
53226297 > (97, 374) (41, 376)
95731489 > (97, 456) (66, 457)
168196824 > (97, 551) (6, 552)
14765192 > (98, 240) (84, 242)
2301299 > (99, 110) (11, 132)
5462424 > (99, 165) (22, 176)
21994875 > (99, 276) (35, 280)
24858171 > (99, 288) (60, 291)
4511808 > (100, 152) (27, 165)
10424232 > (101, 211) (40, 218)
2622104 > (102, 116) (60, 134)
4931101 > (102, 157) (76, 165)
2864288 > (103, 121) (10, 142)
14916727 > (103, 240) (31, 246)
206471727 > (103, 590) (36, 591)
4110848 > (104, 144) (68, 156)
6517000 > (105, 175) (66, 184)
13484016 > (105, 231) (14, 238)
222636141 > (106, 605) (45, 606)
5799339 > (107, 166) (40, 179)
40183262 > (107, 339) (81, 341)
2987712 > (108, 120) (12, 144)
4123000 > (108, 142) (30, 160)
7091712 > (108, 180) (24, 192)
12650337 > (108, 225) (10, 233)
92384712 > (108, 450) (34, 452)
10036845 > (109, 206) (72, 213)
24480125 > (110, 285) (45, 290)
27003375 > (110, 295) (15, 300)
92456000 > (110, 450) (48, 452)
3220776 > (112, 122) (84, 138)
13731319 > (112, 231) (63, 238)
6017193 > (113, 166) (57, 180)
3628233 > (114, 129) (36, 153)
4467528 > (114, 144) (60, 162)
11985003 > (114, 219) (51, 228)
13490533 > (114, 229) (21, 238)
296889840 > (114, 666) (53, 667)
332855432 > (114, 692) (35, 693)
5772403 > (115, 162) (51, 178)
6013000 > (115, 165) (72, 178)
45882739 > (115, 354) (3, 358)
237549907 > (115, 618) (72, 619)
9560896 > (116, 200) (32, 212)
3798613 > (117, 130) (13, 156)
9016488 > (117, 195) (26, 208)
7872536 > (118, 184) (70, 196)
8077888 > (118, 186) (100, 192)
18617625 > (118, 257) (20, 265)
51479064 > (118, 368) (6, 372)
6058747 > (120, 163) (99, 172)
7957504 > (120, 184) (58, 198)
8587000 > (120, 190) (46, 204)
10469816 > (120, 206) (81, 215)
20127744 > (120, 264) (16, 272)
21411000 > (120, 270) (85, 275)
51564032 > (120, 368) (44, 372)
154001304 > (120, 534) (22, 536)
3587409 > (121, 122) (18, 153)
4342914 > (121, 137) (23, 163)
3813992 > (123, 125) (26, 156)
19034379 > (123, 258) (6, 267)
24767171 > (123, 284) (50, 291)
94820544 > (123, 453) (12, 456)
422050616 > (123, 749) (56, 750)
4206592 > (124, 132) (48, 160)
84266000 > (125, 435) (62, 438)
4744376 > (126, 140) (14, 168)
6742008 > (126, 168) (46, 188)
7640128 > (126, 178) (48, 196)
11261376 > (126, 210) (28, 224)
89576767 > (127, 444) (64, 447)
5472152 > (128, 150) (102, 164)
8741824 > (128, 188) (2, 206)
20496896 > (128, 264) (72, 272)
37384704 > (128, 328) (50, 334)
4607064 > (129, 135) (32, 166)
8275176 > (129, 183) (32, 202)
8029000 > (130, 180) (85, 195)
22543417 > (130, 273) (49, 282)
8131968 > (132, 180) (94, 194)
42301656 > (132, 342) (54, 348)
46661832 > (132, 354) (18, 360)
58923072 > (132, 384) (80, 388)
154573272 > (132, 534) (113, 535)
238329000 > (132, 618) (10, 620)
7094269 > (133, 168) (70, 189)
7620661 > (133, 174) (45, 196)
36050904 > (133, 323) (112, 326)
343884736 > (133, 699) (96, 700)
10648512 > (134, 202) (8, 220)
49844032 > (134, 362) (20, 368)
719323479 > (134, 895) (7, 896)
5446359 > (135, 144) (71, 172)
5835375 > (135, 150) (15, 180)
13851000 > (135, 225) (30, 240)
15438250 > (135, 235) (1, 249)
28658448 > (135, 297) (18, 306)
5318677 > (136, 141) (37, 174)
242054414 > (137, 621) (63, 623)
634314331 > (139, 858) (78, 859)
8872487 > (140, 183) (14, 207)
179421769 > (142, 561) (25, 564)
331433207 > (143, 690) (39, 692)
7081984 > (144, 160) (16, 192)
11855727 > (144, 207) (15, 228)
16809984 > (144, 240) (32, 256)
29184057 > (144, 297) (81, 306)
36998208 > (144, 324) (102, 330)
41258737 > (144, 337) (58, 345)
260245440 > (144, 636) (82, 638)
10811017 > (145, 198) (84, 217)
18673625 > (145, 250) (40, 265)
97867441 > (145, 456) (81, 460)
9443761 > (146, 185) (68, 209)
27000008 > (146, 288) (2, 300)
10821896 > (147, 197) (116, 210)
49832523 > (147, 360) (126, 363)
581251329 > (148, 833) (105, 834)
860616792 > (148, 950) (81, 951)
7882245 > (149, 166) (93, 192)
39312000 > (150, 330) (20, 340)
39639691 > (150, 331) (88, 339)
100711000 > (150, 460) (55, 465)
147252824 > (150, 524) (38, 528)
16587207 > (151, 236) (18, 255)
20616463 > (151, 258) (111, 268)
27831951 > (151, 290) (24, 303)
238328064 > (151, 617) (4, 620)
8600256 > (152, 172) (48, 204)
10589696 > (152, 192) (80, 216)
28408896 > (152, 292) (68, 304)
114103808 > (152, 480) (27, 485)
238396921 > (152, 617) (41, 620)
8494577 > (153, 170) (17, 204)
8849601 > (153, 174) (90, 201)
20162952 > (153, 255) (34, 272)
49849856 > (153, 359) (24, 368)
67173463 > (154, 399) (63, 406)
74097261 > (154, 413) (21, 420)
8216000 > (155, 165) (60, 200)
483772562 > (155, 783) (33, 785)
13874112 > (156, 216) (102, 234)
40134584 > (157, 331) (94, 340)
67944312 > (158, 400) (30, 408)
11097567 > (159, 192) (20, 223)
127525671 > (159, 498) (64, 503)
40033000 > (160, 330) (90, 340)
9261729 > (161, 172) (9, 210)
10083528 > (162, 180) (18, 216)
13915125 > (162, 213) (45, 240)
23934528 > (162, 270) (36, 288)
41511232 > (162, 334) (105, 343)
311798403 > (162, 675) (51, 678)
10765603 > (163, 186) (64, 219)
45118528 > (164, 344) (8, 356)
65573928 > (164, 394) (103, 401)
224759808 > (164, 604) (16, 608)
572074496 > (164, 828) (66, 830)
52324272 > (165, 363) (22, 374)
101194704 > (165, 459) (2, 466)
115084125 > (165, 480) (100, 485)
312039000 > (165, 675) (72, 678)
10702783 > (166, 183) (135, 202)
25371171 > (166, 275) (90, 291)
27000064 > (166, 282) (4, 300)
84637287 > (166, 431) (32, 439)
10202696 > (167, 177) (50, 216)
16983854 > (167, 231) (21, 257)
10870119 > (168, 183) (126, 207)
15682680 > (168, 222) (119, 241)
33394248 > (168, 306) (20, 322)
58751784 > (168, 378) (119, 385)
175695507 > (168, 555) (43, 560)
15187041 > (169, 218) (156, 225)
25937576 > (170, 276) (152, 282)
11859211 > (171, 190) (19, 228)
13489875 > (171, 204) (80, 235)
15077907 > (171, 216) (90, 243)
28149336 > (171, 285) (38, 304)
36047592 > (172, 314) (48, 330)
14978061 > (173, 214) (45, 246)
38253878 > (173, 321) (87, 335)
729328509 > (173, 898) (69, 900)
32268024 > (174, 300) (48, 318)
437440591 > (175, 756) (58, 759)
12753160 > (176, 194) (47, 233)
22426369 > (176, 257) (62, 281)
44409995 > (176, 339) (138, 347)
53283923 > (176, 363) (99, 374)
73369088 > (176, 408) (95, 417)
100270592 > (176, 456) (72, 464)
110605824 > (176, 472) (24, 480)
447902504 > (176, 762) (59, 765)
20072017 > (177, 244) (73, 270)
26569809 > (177, 276) (105, 294)
27262872 > (177, 279) (150, 288)
173741841 > (177, 552) (9, 558)
241668784 > (178, 618) (165, 619)
313186627 > (178, 675) (115, 678)
15398936 > (179, 213) (80, 246)
12266856 > (180, 186) (124, 218)
13832000 > (180, 200) (20, 240)
26856576 > (180, 276) (87, 297)
28981125 > (180, 285) (69, 306)
32832000 > (180, 300) (40, 320)
60271939 > (180, 379) (123, 388)
67931136 > (180, 396) (24, 408)
174028608 > (180, 552) (66, 558)
519754401 > (180, 801) (33, 804)
764382528 > (180, 912) (94, 914)
958595904 > (180, 984) (22, 986)
22031576 > (182, 252) (119, 273)
16776487 > (183, 220) (58, 255)
12874176 > (184, 188) (110, 226)
197332480 > (184, 576) (58, 582)
214757361 > (184, 593) (145, 596)
15201368 > (185, 207) (68, 246)
13623913 > (186, 193) (121, 228)
14197248 > (186, 198) (72, 240)
41080832 > (186, 326) (72, 344)
171904005 > (186, 549) (29, 556)
69583995 > (187, 398) (54, 411)
21531608 > (188, 246) (36, 278)
91828672 > (188, 440) (146, 446)
115860024 > (188, 478) (174, 480)
16012269 > (189, 210) (21, 252)
22754277 > (189, 252) (69, 282)
25785432 > (189, 267) (72, 294)
28703269 > (189, 280) (37, 306)
38007144 > (189, 315) (42, 336)
16387128 > (190, 212) (4, 254)
16797375 > (190, 215) (60, 255)
19346168 > (190, 232) (46, 268)
20683000 > (190, 240) (100, 270)
55486125 > (190, 365) (85, 380)
17045567 > (191, 216) (87, 254)
40354119 > (191, 322) (8, 343)
18468513 > (192, 225) (153, 246)
28102464 > (192, 276) (20, 304)
29503656 > (192, 282) (3, 309)
69177024 > (192, 396) (108, 408)
87699456 > (192, 432) (136, 440)
126173376 > (192, 492) (75, 501)
42154840 > (193, 327) (22, 348)
21125384 > (194, 240) (69, 275)
32973759 > (194, 295) (80, 319)
425810376 > (194, 748) (82, 752)
765851912 > (194, 912) (132, 914)
86368464 > (195, 429) (26, 442)
118121536 > (196, 480) (168, 484)
16387189 > (197, 206) (5, 254)
41343640 > (197, 323) (86, 344)
90527229 > (197, 436) (134, 445)
18410392 > (198, 220) (22, 264)
27445392 > (198, 270) (141, 291)
43699392 > (198, 330) (44, 352)
142768089 > (198, 513) (81, 522)
157483683 > (198, 531) (27, 540)
175959000 > (198, 552) (70, 560)
198865368 > (198, 576) (120, 582)
804360375 > (198, 927) (15, 930)
142098327 > (199, 512) (132, 519)
36094464 > (200, 304) (54, 330)
24897817 > (201, 256) (9, 292)
35938728 > (201, 303) (12, 330)
168223608 > (201, 543) (30, 552)
83393856 > (202, 422) (80, 436)
51240427 > (203, 350) (56, 371)
116215603 > (203, 476) (11, 488)
20976832 > (204, 232) (120, 268)
39448808 > (204, 314) (152, 330)
157366664 > (204, 530) (197, 531)
88122125 > (205, 430) (10, 445)
225696926 > (205, 601) (127, 607)
438984000 > (205, 755) (20, 760)
627085333 > (205, 852) (186, 853)
22914304 > (206, 242) (20, 284)
119333816 > (206, 480) (62, 492)
17999072 > (207, 209) (146, 246)
21036743 > (207, 230) (23, 276)
49933368 > (207, 345) (46, 368)
350401842 > (207, 699) (181, 701)
32886784 > (208, 288) (136, 312)
52242463 > (208, 351) (199, 354)
87952501 > (208, 429) (117, 442)
27529073 > (209, 264) (110, 297)
52136000 > (210, 350) (132, 368)
107872128 > (210, 462) (28, 476)
276350984 > (210, 644) (77, 651)
91140435 > (211, 434) (107, 448)
54267003 > (212, 355) (186, 363)
79598125 > (213, 412) (45, 430)
506456685 > (213, 792) (58, 797)
46394712 > (214, 332) (80, 358)
265848219 > (214, 635) (8, 643)
317347219 > (214, 675) (51, 682)
321466096 > (214, 678) (162, 682)
254079000 > (215, 625) (118, 632)
23901696 > (216, 240) (24, 288)
32984000 > (216, 284) (60, 320)
56733696 > (216, 360) (48, 384)
59913728 > (216, 368) (125, 387)
101202696 > (216, 450) (20, 466)
124868952 > (216, 486) (153, 495)
739077696 > (216, 900) (68, 904)
878328360 > (216, 954) (123, 957)
22544704 > (217, 231) (84, 280)
80294760 > (218, 412) (144, 426)
908992357 > (218, 965) (125, 968)
26506467 > (219, 252) (35, 298)
91125027 > (219, 432) (3, 450)
320792192 > (219, 677) (92, 684)
195841000 > (220, 570) (90, 580)
216027000 > (220, 590) (30, 600)
739648000 > (220, 900) (96, 904)
111485673 > (222, 465) (185, 472)
32114143 > (223, 276) (159, 304)
478378143 > (223, 776) (55, 782)
25766208 > (224, 244) (168, 276)
109850552 > (224, 462) (126, 476)
221884299 > (224, 595) (138, 603)
27015625 > (225, 250) (25, 300)
33108264 > (225, 279) (188, 298)
48316662 > (225, 333) (127, 359)
64125000 > (225, 375) (50, 400)
132678000 > (225, 495) (30, 510)
496978281 > (225, 786) (57, 792)
48137544 > (226, 332) (114, 360)
46343059 > (227, 326) (107, 356)
502866152 > (227, 789) (132, 794)
25164405 > (228, 237) (22, 293)
29025864 > (228, 258) (72, 306)
35740224 > (228, 288) (120, 324)
87539319 > (228, 423) (167, 436)
95880024 > (228, 438) (102, 456)
107924264 > (228, 458) (42, 476)
111906333 > (229, 464) (150, 477)
46179224 > (230, 324) (102, 356)
48104000 > (230, 330) (144, 356)
350775873 > (230, 697) (72, 705)
367061912 > (230, 708) (6, 716)
315790839 > (231, 672) (140, 679)
76487168 > (232, 400) (64, 424)
41301953 > (233, 306) (62, 345)
197842337 > (233, 570) (89, 582)
27882127 > (234, 247) (40, 303)
30388904 > (234, 260) (26, 312)
46825128 > (234, 324) (153, 351)
72131904 > (234, 390) (52, 416)
26122131 > (235, 236) (107, 292)
88129323 > (235, 422) (106, 443)
62980288 > (236, 368) (140, 392)
64623104 > (236, 372) (200, 384)
73842713 > (236, 393) (110, 417)
148941000 > (236, 514) (40, 530)
411832512 > (236, 736) (12, 744)
66469429 > (237, 376) (34, 405)
127396178 > (237, 485) (51, 503)
229312053 > (237, 600) (45, 612)
62108397 > (238, 365) (21, 396)
48469976 > (240, 326) (198, 344)
54887625 > (240, 345) (25, 380)
63660032 > (240, 368) (116, 396)
68696000 > (240, 380) (92, 408)
83758528 > (240, 412) (162, 430)
135111375 > (240, 495) (135, 510)
161021952 > (240, 528) (32, 544)
171288000 > (240, 540) (170, 550)
412512256 > (240, 736) (88, 744)
68007673 > (241, 378) (222, 385)
28699272 > (242, 244) (36, 306)
34743312 > (242, 274) (46, 326)
260664371 > (242, 627) (99, 638)
287531937 > (242, 649) (33, 660)
34031907 > (243, 270) (27, 324)
37498032 > (243, 285) (62, 334)
41892515 > (243, 302) (48, 347)
43852536 > (243, 309) (62, 352)
80779032 > (243, 405) (54, 432)
401947273 > (244, 729) (1, 738)
70449093 > (245, 382) (16, 413)
230706125 > (245, 600) (210, 605)
30511936 > (246, 250) (52, 312)
152275032 > (246, 516) (12, 534)
198137368 > (246, 568) (100, 582)
494935623 > (246, 783) (28, 791)
758564352 > (246, 906) (24, 912)
45440551 > (247, 312) (130, 351)
31256000 > (248, 252) (5, 315)
33652736 > (248, 264) (96, 320)
91125216 > (249, 423) (6, 450)
161801432 > (249, 527) (212, 534)
439003000 > (249, 751) (30, 760)
43997625 > (250, 305) (22, 353)
131126303 > (250, 487) (31, 508)
674128000 > (250, 870) (124, 876)
42276843 > (251, 298) (51, 348)
52739288 > (251, 333) (17, 375)
37955008 > (252, 280) (28, 336)
53936064 > (252, 336) (92, 376)
57066633 > (252, 345) (2, 385)
61121024 > (252, 356) (96, 392)
90091008 > (252, 420) (56, 448)
112705587 > (252, 459) (30, 483)
416318561 > (252, 737) (105, 746)
716614136 > (254, 888) (128, 894)
40970375 > (255, 290) (150, 335)
80102574 > (255, 399) (131, 427)
106496767 > (255, 448) (7, 474)
193139856 > (255, 561) (34, 578)
43777216 > (256, 300) (204, 328)
69934592 > (256, 376) (4, 412)
163975168 > (256, 528) (144, 544)
299077632 > (256, 656) (100, 668)
36856512 > (258, 270) (64, 332)
66201408 > (258, 366) (64, 404)
121660623 > (258, 471) (72, 495)
64232000 > (260, 360) (170, 390)
180347336 > (260, 546) (98, 564)
692102133 > (260, 877) (109, 884)
42168581 > (261, 290) (29, 348)
100092456 > (261, 435) (58, 464)
108904581 > (261, 450) (72, 477)
151212412 > (261, 511) (147, 529)
154370456 > (261, 515) (128, 534)
126516061 > (262, 477) (165, 496)
281359449 > (262, 641) (200, 649)
799214689 > (262, 921) (33, 928)
204360858 > (263, 571) (29, 589)
65055744 > (264, 360) (188, 388)
147187369 > (264, 505) (225, 514)
227984328 > (264, 594) (187, 605)
338413248 > (264, 684) (108, 696)
373294656 > (264, 708) (36, 720)
471384576 > (264, 768) (160, 776)
547874873 > (264, 809) (81, 818)
46091997 > (266, 301) (84, 357)
56754152 > (266, 336) (140, 378)
60965288 > (266, 348) (90, 392)
152253927 > (266, 511) (119, 532)
288407232 > (266, 646) (224, 652)
40519115 > (267, 278) (116, 339)
41436873 > (268, 281) (72, 345)
85188096 > (268, 404) (16, 440)
119793457 > (268, 465) (142, 489)
398752256 > (268, 724) (40, 736)
746037808 > (269, 899) (230, 902)
41400639 > (270, 279) (186, 327)
43570872 > (270, 288) (142, 344)
46683000 > (270, 300) (30, 360)
64421875 > (270, 355) (75, 400)
110808000 > (270, 450) (60, 480)
123506000 > (270, 470) (2, 498)
229267584 > (270, 594) (36, 612)
587346552 > (270, 828) (99, 837)
77414967 > (271, 386) (120, 423)
42549416 > (272, 282) (74, 348)
56388339 > (272, 331) (179, 370)
196682129 > (272, 561) (153, 578)
54269091 > (274, 323) (232, 347)
996762312 > (274, 992) (179, 997)
43946000 > (275, 285) (158, 342)
146548376 > (275, 501) (57, 527)
43450344 > (276, 282) (165, 339)
272264167 > (276, 631) (55, 648)
491935528 > (276, 778) (165, 787)
665997120 > (276, 864) (87, 873)
310289733 > (278, 661) (10, 677)
47915712 > (279, 297) (108, 360)
51508639 > (279, 310) (31, 372)
122262264 > (279, 465) (62, 496)
138647808 > (279, 489) (108, 516)
50324625 > (280, 305) (210, 345)
70979896 > (280, 366) (28, 414)
69625969 > (281, 362) (89, 410)
60698521 > (282, 337) (4, 393)
72669177 > (282, 369) (54, 417)
309921768 > (282, 660) (219, 669)
391027581 > (282, 717) (261, 720)
71292312 > (283, 365) (150, 408)
96753187 > (283, 420) (147, 454)
51278929 > (284, 305) (113, 368)
55306557 > (285, 318) (6, 381)
65293317 > (285, 348) (69, 402)
69805125 > (285, 360) (150, 405)
110087432 > (285, 443) (57, 479)
154245637 > (285, 508) (229, 522)
269641008 > (285, 627) (38, 646)
85492792 > (286, 396) (187, 429)
430262677 > (286, 741) (117, 754)
474611319 > (286, 767) (39, 780)
241807111 > (287, 602) (14, 623)
56655872 > (288, 320) (32, 384)
94845816 > (288, 414) (30, 456)
134479872 > (288, 480) (64, 512)
233472456 > (288, 594) (162, 612)
295985664 > (288, 648) (204, 660)
330069896 > (288, 674) (116, 690)
73819863 > (290, 367) (199, 404)
86488136 > (290, 396) (168, 434)
149389000 > (290, 500) (80, 530)
176662304 > (290, 534) (47, 561)
782939528 > (290, 912) (162, 920)
61568208 > (291, 333) (74, 394)
75550088 > (292, 370) (136, 418)
216000064 > (292, 576) (4, 600)
86316741 > (293, 394) (142, 437)
423842013 > (293, 736) (154, 749)
86575168 > (294, 394) (232, 420)
136004184 > (294, 480) (137, 511)
398660184 > (294, 720) (252, 726)
123008375 > (295, 460) (175, 490)
126217000 > (295, 465) (250, 480)
187551000 > (295, 545) (184, 566)
105997327 > (296, 431) (239, 452)
62135073 > (297, 330) (33, 396)
147485448 > (297, 495) (66, 528)
593861625 > (297, 828) (105, 840)
671170617 > (297, 864) (180, 873)
63057960 > (298, 332) (186, 384)
255684520 > (298, 612) (127, 633)
383131728 > (299, 709) (78, 726)
65272753 > (300, 337) (166, 393)
121818816 > (300, 456) (81, 495)
124336000 > (300, 460) (145, 495)
134171875 > (300, 475) (115, 510)
314496000 > (300, 660) (40, 680)
317117528 > (300, 662) (176, 678)
805688000 > (300, 920) (110, 930)
54814509 > (301, 302) (93, 378)
176992192 > (301, 531) (252, 544)
61555832 > (302, 324) (95, 393)
132697656 > (302, 472) (36, 510)
164931704 > (302, 516) (222, 536)
222655608 > (302, 580) (48, 606)
117132750 > (303, 447) (145, 485)
281454264 > (303, 633) (120, 654)
68802048 > (304, 344) (96, 408)
84717568 > (304, 384) (160, 432)
216226981 > (304, 573) (61, 600)
227271168 > (304, 584) (136, 608)
274586347 > (304, 627) (171, 646)
599881464 > (304, 830) (93, 843)
912830464 > (304, 960) (54, 970)
168170984 > (305, 519) (296, 522)
269014473 > (305, 622) (178, 641)
67956616 > (306, 340) (34, 408)
70796808 > (306, 348) (180, 402)
116773741 > (306, 445) (202, 477)
133139727 > (306, 471) (228, 495)
161303616 > (306, 510) (68, 544)
398798848 > (306, 718) (48, 736)
58438072 > (307, 309) (30, 388)
126906624 > (307, 461) (124, 500)
240643179 > (307, 596) (11, 622)
537387704 > (308, 798) (126, 812)
592778088 > (308, 826) (42, 840)
66763333 > (309, 334) (285, 352)
77335776 > (309, 363) (30, 426)
239088213 > (309, 594) (206, 613)
402751629 > (309, 720) (93, 738)
65728000 > (310, 330) (120, 400)
129333078 > (311, 463) (153, 501)
206638712 > (311, 561) (108, 590)
274220856 > (311, 625) (244, 638)
324159856 > (311, 665) (110, 686)
110992896 > (312, 432) (204, 468)
376319736 > (312, 702) (221, 715)
79692193 > (313, 366) (57, 430)
324743922 > (313, 665) (227, 679)
540746696 > (313, 799) (292, 802)
574002793 > (313, 816) (232, 825)
321076672 > (314, 662) (188, 680)
74130875 > (315, 350) (35, 420)
101700872 > (315, 413) (242, 444)
105343875 > (315, 420) (115, 470)
119377000 > (315, 445) (120, 490)
364068432 > (315, 693) (42, 714)
119082880 > (316, 444) (153, 487)
158818023 > (316, 503) (255, 522)
166560193 > (316, 513) (57, 550)
236933496 > (316, 590) (127, 617)
543554496 > (316, 800) (60, 816)
87029432 > (318, 380) (45, 443)
88780536 > (318, 384) (40, 446)
153444807 > (318, 495) (68, 535)
198836759 > (319, 550) (88, 583)
231638463 > (319, 584) (167, 610)
77129864 > (320, 354) (113, 423)
85502375 > (320, 375) (255, 410)
136591000 > (320, 470) (5, 515)
320264000 > (320, 660) (180, 680)
584136000 > (320, 820) (125, 835)
98040969 > (321, 402) (89, 460)
156582153 > (321, 498) (120, 537)
74093832 > (322, 344) (18, 420)
70957971 > (323, 334) (3, 414)
101615579 > (323, 408) (170, 459)
155722203 > (323, 496) (11, 538)
258453979 > (323, 608) (134, 635)
80668224 > (324, 360) (36, 432)
111321000 > (324, 426) (90, 480)
191476224 > (324, 540) (72, 576)
332089856 > (324, 668) (210, 686)
341559099 > (324, 675) (30, 699)
86124824 > (326, 372) (128, 438)
270994815 > (327, 618) (216, 639)
453474775 > (327, 748) (159, 766)
475676864 > (327, 761) (104, 780)
99768753 > (328, 401) (105, 462)
360948224 > (328, 688) (16, 712)
524591424 > (328, 788) (206, 802)
180314414 > (329, 525) (123, 563)
259259832 > (329, 607) (126, 636)
898412697 > (329, 952) (137, 964)
127062000 > (330, 450) (235, 485)
418594176 > (330, 726) (44, 748)
660963375 > (330, 855) (135, 870)
729091125 > (330, 885) (45, 900)
809557632 > (330, 918) (4, 932)
920673000 > (330, 960) (200, 970)
247973427 > (331, 596) (114, 627)
685726587 > (331, 866) (324, 867)
729418816 > (331, 885) (174, 898)
80208576 > (332, 352) (151, 425)
85622264 > (332, 366) (270, 404)
91034307 > (332, 379) (160, 443)
202969368 > (332, 550) (180, 582)
216000512 > (332, 564) (8, 600)
677098296 > (332, 862) (64, 878)
87579037 > (333, 370) (37, 444)
197915221 > (333, 544) (141, 580)
207879912 > (333, 555) (74, 592)
539385912 > (333, 795) (32, 814)
841283037 > (333, 930) (37, 944)
81621568 > (334, 354) (100, 432)
121287376 > (334, 438) (1, 495)
135870832 > (334, 462) (42, 514)
162259704 > (334, 500) (209, 535)
192113857 > (334, 537) (24, 577)
166383000 > (335, 505) (20, 550)
778813000 > (335, 905) (50, 920)
86960952 > (336, 366) (252, 414)
125461440 > (336, 444) (238, 482)
150611643 > (336, 483) (35, 532)
159220431 > (336, 495) (7, 542)
267153984 > (336, 612) (40, 644)
370745613 > (336, 693) (189, 714)
470014272 > (336, 756) (238, 770)
104212017 > (337, 404) (73, 470)
121496328 > (338, 436) (312, 450)
141117704 > (338, 468) (221, 507)
318340736 > (338, 654) (221, 675)
162464211 > (339, 498) (171, 540)
327763000 > (339, 661) (300, 670)
509869171 > (339, 778) (282, 787)
156234169 > (340, 489) (241, 522)
207500608 > (340, 552) (304, 564)
292940137 > (340, 633) (57, 664)
87483968 > (341, 363) (132, 440)
131997229 > (341, 452) (50, 509)
94873688 > (342, 380) (38, 456)
97962291 > (342, 387) (108, 459)
107919000 > (342, 408) (160, 470)
120623256 > (342, 432) (180, 486)
225194688 > (342, 570) (76, 608)
323595081 > (342, 657) (153, 684)
364244391 > (342, 687) (63, 714)
633057607 > (343, 840) (294, 847)
288380736 > (344, 628) (96, 660)
122810129 > (345, 434) (36, 497)
155854881 > (345, 486) (153, 534)
162351000 > (345, 495) (216, 534)
186595201 > (345, 526) (193, 564)
478309104 > (345, 759) (46, 782)
556913233 > (345, 802) (177, 820)
176427433 > (346, 513) (249, 544)
306031024 > (346, 642) (174, 670)
236893923 > (347, 580) (243, 606)
185199859 > (348, 523) (19, 570)
258144192 > (348, 600) (96, 636)
318769451 > (350, 651) (54, 683)
849829491 > (350, 931) (82, 947)
102562551 > (351, 390) (39, 468)
243445176 > (351, 585) (78, 624)
102025280 > (352, 388) (94, 466)
129380329 > (352, 441) (84, 505)
145461771 > (352, 467) (134, 523)
179410952 > (352, 514) (124, 562)
355279960 > (352, 678) (276, 694)
426271384 > (352, 726) (198, 748)
532918080 > (352, 788) (151, 809)
586952704 > (352, 816) (190, 834)
802164736 > (352, 912) (144, 928)
884846592 > (352, 944) (48, 960)
979428329 > (353, 978) (209, 990)
128966383 > (354, 439) (135, 502)
160576136 > (354, 488) (146, 540)
188239688 > (354, 524) (159, 569)
212558472 > (354, 552) (210, 588)
218102976 > (354, 558) (300, 576)
502675875 > (354, 771) (60, 795)
733204262 > (355, 883) (121, 901)
144370863 > (356, 463) (79, 524)
112422709 > (357, 406) (210, 469)
674922086 > (357, 857) (171, 875)
123191488 > (358, 426) (160, 492)
198156016 > (358, 534) (9, 583)
207761337 > (358, 545) (233, 580)
94100426 > (359, 363) (153, 449)
143604279 > (359, 460) (111, 522)
98134848 > (360, 372) (248, 436)
110656000 > (360, 400) (40, 480)
118129375 > (360, 415) (138, 487)
145908847 > (360, 463) (346, 471)
163586169 > (360, 489) (297, 516)
214852608 > (360, 552) (174, 594)
231849000 > (360, 570) (138, 612)
262656000 > (360, 600) (80, 640)
282685032 > (360, 618) (243, 645)
482175512 > (360, 758) (246, 776)
543449088 > (360, 792) (48, 816)
578097000 > (360, 810) (255, 825)
141864697 > (361, 456) (190, 513)
96860043 > (363, 366) (54, 459)
106243219 > (363, 388) (307, 426)
117258678 > (363, 411) (69, 489)
176252608 > (364, 504) (238, 546)
421875125 > (365, 720) (5, 750)
662752125 > (365, 850) (261, 864)
134211896 > (366, 440) (116, 510)
431685072 > (366, 726) (263, 745)
102993408 > (368, 376) (220, 452)
205556904 > (368, 538) (337, 551)
483634125 > (368, 757) (330, 765)
487081511 > (368, 759) (207, 782)
 # FINISHING computation
 * FOUND total values -> 851
 * END time -> 12/03/2023 15:39:06
 * working time -> 2133.04804 seconds

